-0.4029477565181905191287953687590269043044506565133887909703205048554622164425143287338623255434507309 78.94087412729085246454510916174084069615405623260233465602556549349061134409148842798007444097230977 1.076897724858545484478038258861991230785794883820710609063845910677853238006726677982339050595962635e-99
-1.996005618670177234738551065142180448597753431324572916635854363709725177885465257674717515067186509 43.21491723756390825754671529438654606103288567322923618302745723034212180271840572843578008979876106 3.260706404540196622692245918495440794771297397776801547499658598036578280403760104032704561501109033e-99
0.1015663618075893225062625184932468894836100376982475406582575675816660146944082073985078798466373282 37.93161691906605954757887519246901282264096124240554226194541594050096033537666581666705805882044929 5.941841303812347828126954194624503183596136260444917031711762043615608271916443373379782400913989868e-100
-1.163813052787592656082325661459202908815846607745324445125538686734254189533066559051912643767489077 68.55320236494346929562043658896145955928449327354143147820221653103790427993519261128694687332147884 4.157292216059356693349832099481121240065882213758215071533392539638296199786746223626001101463043242e-99
0.5518890310583600252211884778214816210689379099859833744464683057774692244744109380845832686932948863 76.59115551687951973007974775310649006756751683362777417226004304235962478553011746077851879093079604 1.565725011897335299984420908810160601094629886800207776258151732758236525803825292357833041205786941e-99
-0.8878537693842833456833586337113782989387754525512019259700205481189179712020832669596321487289013202 93.34289373894441496935216357117902807966290453476777260342128582104648447019154533580681406991433821 4.628003402771979540387288280852134986325501301583481583066153397560612888116191408774532277346560396e-99
0.1394474664691215409452524522616784757687243994727180834786543133372346746771183399398119612420303782 30.32483489004926294275694838840551829385480205431478349695679586020379521561297172166001695661889523 8.649547324696468802490104775671246375172778367280495387131063401110501415983409974007154739073594376e-101
0.2834547826166146990372281241699980446896285590024389855507480095026488341895129423805496372602471588 42.0423729949752695576122579825446303442223197568117165325005319869811351426238782026263481585200277 4.242588971551518442039572434642355683316388757099635279321206618398818447435415912131458159551465319e-100
0.2507247519151285904094521224622991457677793021306285213931283829549309728489385547037493627364135788 65.9947444658783332749557956226145719856479913878136903095051133800496502708155509159409033864746588 6.994913409013340771750789832791502571148018900952381439178611045514891175226969808992932149255848422e-100
0.04088441352628526470283470985364958578659681957048149686135122083168589043202711699289388378788657341 52.36984930851684593744992579366458985080994480986125684204174912941310586419513408114012871898295696 3.592167186016982034193253894647839602530912785607089624633815531494718783395441009706339655142286721e-100
0.7943674730173159976083335723902001976430252163613660335470100445531710573756810619793929481761609463 87.85116785746630496022582294321160732450385527808548587493939839673346963112632816787781844271715122 1.620722099016493414559481489971782499000981961516358591024900782955494730668628342724098936493984025e-100
0.7142852453542981374503950842784029458250436011750117380201634056910459053515644556782444665048355679 2.833486928779273525448579195650123453297824812909625506007769302232913908553623841671994027353485766 1.687408632501169724269289251628807799101358101971464732666286913715323405542620226190844825729975503e-101
0.01983598262916055292971871583104306023360443434069877037370389296624827264371483837922212815388234314 6.070862924545235138089238831066756412311754561164773343171325366571739105824396315685045402827810079 1.281492923135246101688866537265781212818502867552010312420382401359992404280011318775373850025777456e-100
0.6864893844702941507607622449889060538430358166184292179721099634526953043347678473085050799211303251 14.01544447714764333004076189000800386568032226589288239121970312688433925929618344263621813261314071 2.462634267068692627941456290667227021914886205125397643345424972076655816686118252023547029102729125e-100
-1.851406835511626932865583943764398225949193997656923240125823785895436525876788016365623846398350584 16.83857348861846922135940510224994502247533955312705338012311844547946615283693460033018366741527295 8.615565348783605477853768912087252636562706793089219000986948783622301034371789050804233768001382772e-100
0.6305222029010107684193095425853992182298244498073695535995544991222080532290283371463156923594273179 24.91426893731950718838566431507033981052597281607520223995387477148893088435286749599444629141636738 2.141973484033415985113090474193230925288440847816310543891967034420847848990109360513358372749119659e-100
-0.5300357961292223737988535849963311125564949725844665585407911538016510333468619813840509000472393671 71.02571588917745056735799283883193411715159811994053949648335013032589481299206822591542626251579078 8.625225131129036212877352412455548613468117971531158150999599732404656438271847070669054669851607823e-100
-0.7514317961241155961267464781829851649228977520420477181365012183931876377105645208748161844934439561 10.06602077394835831612766222950165303173072869533899494506026418504404643324988866490636438913364449 4.625214083170597604574607455846739925028216788678642719414978339332302865162848065118019596108397277e-100
0.04948594244925150135333869975547455221178773649790231589944276357047365008827881013626739649384789345 56.85489615724250002469276541341414219474400171187205181803016453917418824928889324815114751463620025 7.002107148673584538068522011768028631827486085358214045378890701469147227908483121409666056576868876e-100
-0.8242506340661061248716635260395108431292039759042495405232026719612067650834860423393411221032584984 99.72033215916243444333354935493653156632704677025506079027007739361080268071293621380821039831244379 8.526334818360379368582815473925160581052067615839887944869230186172845363495109839731416104055500766e-99
0.6538685520493658000364624689118789931418459097654091708201697946052750678363224884412267600444859129 21.0753718007248521193016113767562238674657241401383143211700330440978072459484280510988802337646751 5.348213239434622122739457694798699004753918836394377811552022022751386115250378240817210277293942243e-100
0.3401740664736088456737117887922681742821263374883387299682326279825578504609179251978909964777034955 95.00337213631626347155202401212718174309620983087593535467828943750398919310223738856058718141181642 1.204689931981181661280933325257106886580322075198762730534484329658977438217557643193819090645092825e-99
0.6421051040083249426330294310891698472407450652419648554895087767520182761290581177192478449853090878 84.04277096179713521120915718810138275225718515402477790927562715028422006172974265745396791166454331 1.589967737955886259249674039598701339872258441807228511185666619156196952158816143975918762386245799e-99
0.8704060663694098026832877244085925580456514547432213408419811049619955849389592134592414819315421204 48.79006607389070885453054880897027054096349789267702220498726710651125597150546045276806795836465934 6.315676241105471549066580439792111153783829347495425718034247249449209569532156165773132931816263227e-100
0.301440985625379857934264340100892170360223861111340781876238212148941295451943793336417753762914906 32.566433976075313111112427098321989313657969411665937395484096534021004219324350694950886944535976 1.313846353240477650251134034219882485088471334090436064353860518482787232601670712599593127477439236e-100
0.8544670065737524840530518270312985059752472606373661576220138914768797261223612016872389550010325536 60.13467095621224068976142554765166028492465276667736593033593782344396403518125791760400920954403034 8.431669743378762342806530858983908356696112905732352845132682298760686469150101781946519011088359451e-100
